# Created by Octave 5.1.0, Fri Oct 25 11:41:00 2019 GMT <unknown@DESKTOP>
# name: Wf
# type: matrix
# rows: 1
# columns: 54
 -0.011863353841598919 0.11548538645088521 0.017561321784202874 0.080787164915235327 0.25941127930694213 0.093222309381275709 0.011978526338188503 0.11696447924775634 0.024753532296888842 0.039230018829452928 0.23698559702974487 -0.11186292712128267 0.036463589597307049 -0.1415384088993572 0.057660096185491359 0.076977159963028147 -0.031967174263488829 -0.079637175330904947 -0.087545545490457802 -0.028442055193096252 -0.049252309470100189 0.011785285185214612 -0.047598022675189297 -0.0096431334391341109 0.033712767614738529 0.14455223511676077 0.023511614121924596 0.037198127142041258 0.18352600210944825 -0.050162407240630973 -0.087925391041711654 -0.0031461986740818973 0.063333301525689889 0.072588745114017625 0.1814544792662961 -0.14610522316504049 -0.10960071096782836 0.14508888771723588 -0.003200520435356442 -0.046280568124634082 0.18055888088125485 0.056248381491624422 2.3117337442391103e-05 -0.16824207128748836 0.050405581578760683 0.060186489777582244 0.02725144957835246 0.03981626310832076 0.037440340734390745 0.035640972117819497 -0.10717784738662056 -0.11368566184312491 0.10628926270375214 -0.01472393038550354


# name: ctl
# type: scalar struct
# ndims: 2
 1 1
# length: 12
# name: XVmin
# type: range
# base, length, increment
-0.40000000000000002 54 -0


# name: XVmax
# type: range
# base, length, increment
0.40000000000000002 54 0


# name: constr
# type: scalar
1


# name: NP
# type: scalar
1000


# name: F
# type: scalar
0.69999999999999996


# name: CR
# type: scalar
0.80000000000000004


# name: strategy
# type: scalar
12


# name: refresh
# type: scalar
1


# name: VTR
# type: scalar
-Inf


# name: tol
# type: scalar
1e-10


# name: maxnfe
# type: scalar
Inf


# name: maxiter
# type: scalar
300




